80640
80641
80642
80643
80644
80645
80646
80647
80648
80649
80650
80651
80652
80653
80654
80655
80656
80657
80658
80659
80660
80661
80662
80663
80664
80665
80666
80667
80668
80669
80670
80671
80672
80673
80674
80675
80676
80677
80678
80679
80680
80681
80682
80683
80684
80685
80686
80687
80688
80689
80690
80691
80692
80693
80694
80695
80696
80697
80698
80699
80700
80701
80702
80703
80704
80705
80706
80707
80708
80709
80710
80711
80712
80713
80714
80715
80716
80717
80718
80719
80720
80721
80722
80723
80724
80725
80726
80727
80728
80729
80730
80731
80732
80733
80734
80735
80736
80737
80738
80739
80740
80741
80742
80743
80744
80745
80746
80747
80748
80749
80750
80751
80752
80753
80754
80755
80756
80757
80758
80759
80760
80761
80762
80763
80764
80765
80766
80767
80768
80769
80770
80771
80772
80773
80774
80775
80776
80777
80778
80779
80780
80781
80782
80783
80784
80785
80786
80787
80788
80789
80790
80791
80792
80793
80794
80795
80796
80797
80798
80799
80800
80801
80802
80803
80804
80805
80806
80807
80808
80809
80810
80811
80812
80813
80814
80815
80816
80817
80818
80819
80820
80821
80822
80823
80824
80825
80826
80827
80828
80829
80830
80831
80832
80833
80834
80835
80836
80837
80838
80839
80840
80841
80842
80843
80844
80845
80846
80847
80848
80849
80850
80851
80852
80853
80854
80855
80856
80857
80858
80859
80860
80861
80862
80863
80864
80865
80866
80867
80868
80869
80870
80871
80872
80873
80874
80875
80876
80877
80878
80879
80880
80881
80882
80883
80884
80885
80886
80887
80888
80889
80890
80891
80892
80893
80894
80895
80896
80897
80898
80899
80900
80901
80902
80903
80904
80905
80906
80907
80908
80909
80910
80911
80912
80913
80914
80915
80916
80917
80918
80919
80920
80921
80922
80923
80924
80925
80926
80927
80928
80929
80930
80931
80932
80933
80934
80935
80936
80937
80938
80939
80940
80941
80942
80943
80944
80945
80946
80947
80948
80949
80950
80951
80952
80953
80954
80955
80956
80957
80958
80959
80960
80961
80962
80963
80964
80965
80966
80967
80968
80969
80970
80971
80972
80973
80974
80975
80976
80977
80978
80979
80980
80981
80982
80983
80984
80985
80986
80987
80988
80989
80990
80991
80992
80993
80994
80995
80996
80997
80998
80999
81000
81001
81002
81003
81004
81005
81006
81007
81008
81009
81010
81011
81012
81013
81014
81015
81016
81017
81018
81019
81020
81021
81022
81023
81024
81025
81026
81027
81028
81029
81030
81031
81032
81033
81034
81035
81036
81037
81038
81039
81040
81041
81042
81043
81044
81045
81046
81047
81048
81049
81050
81051
81052
81053
81054
81055
81056
81057
81058
81059
81060
81061
81062
81063
81064
81065
81066
81067
81068
81069
81070
81071
81072
81073
81074
81075
81076
81077
81078
81079
81080
81081
81082
81083
81084
81085
81086
81087
81088
81089
81090
81091
81092
81093
81094
81095
81096
81097
81098
81099
81100
81101
81102
81103
81104
81105
81106
81107
81108
81109
81110
81111
81112
81113
81114
81115
81116
81117
81118
81119
81120
81121
81122
81123
81124
81125
81126
81127
81128
81129
81130
81131
81132
81133
81134
81135
81136
81137
81138
81139
81140
81141
81142
81143
81144
81145
81146
81147
81148
81149
81150
81151
81152
81153
81154
81155
81156
81157
81158
81159
81160
81161
81162
81163
81164
81165
81166
81167
81168
81169
81170
81171
81172
81173
81174
81175
81176
81177
81178
81179
81180
81181
81182
81183
81184
81185
81186
81187
81188
81189
81190
81191
81192
81193
81194
81195
81196
81197
81198
81199
81200
81201
81202
81203
81204
81205
81206
81207
81208
81209
81210
81211
81212
81213
81214
81215
81216
81217
81218
81219
81220
81221
81222
81223
81224
81225
81226
81227
81228
81229
81230
81231
81232
81233
81234
81235
81236
81237
81238
81239
81240
81241
81242
81243
81244
81245
81246
81247
81248
81249
81250
81251
81252
81253
81254
81255
81256
81257
81258
81259
81260
81261
81262
81263
81264
81265
81266
81267
81268
81269
81270
81271
81272
81273
81274
81275
81276
81277
81278
81279
81280
81281
81282
81283
81284
81285
81286
81287
81288
81289
81290
81291
81292
81293
81294
81295
81296
81297
81298
81299
81300
81301
81302
81303
81304
81305
81306
81307
81308
81309
81310
81311
81312
81313
81314
81315
81316
81317
81318
81319
81320
81321
81322
81323
81324
81325
81326
81327
81328
81329
81330
81331
81332
81333
81334
81335
81336
81337
81338
81339
81340
81341
81342
81343
81344
81345
81346
81347
81348
81349
81350
81351
81352
81353
81354
81355
81356
81357
81358
81359
81360
81361
81362
81363
81364
81365
81366
81367
81368
81369
81370
81371
81372
81373
81374
81375
81376
81377
81378
81379
81380
81381
81382
81383
81384
81385
81386
81387
81388
81389
81390
81391
81392
81393
81394
81395
81396
81397
81398
81399
81400
81401
81402
81403
81404
81405
81406
81407
81408
81409
81410
81411
81412
81413
81414
81415
81416
81417
81418
81419
81420
81421
81422
81423
81424
81425
81426
81427
81428
81429
81430
81431
81432
81433
81434
81435
81436
81437
81438
81439
81440
81441
81442
81443
81444
81445
81446
81447
81448
81449
81450
81451
81452
81453
81454
81455
81456
81457
81458
81459
81460
81461
81462
81463
81464
81465
81466
81467
81468
81469
81470
81471
81472
81473
81474
81475
81476
81477
81478
81479
81480
81481
81482
81483
81484
81485
81486
81487
81488
81489
81490
81491
81492
81493
81494
81495
81496
81497
81498
81499
81500
81501
81502
81503
81504
81505
81506
81507
81508
81509
81510
81511
81512
81513
81514
81515
81516
81517
81518
81519
81520
81521
81522
81523
81524
81525
81526
81527
81528
81529
81530
81531
81532
81533
81534
81535
81536
81537
81538
81539
81540
81541
81542
81543
81544
81545
81546
81547
81548
81549
81550
81551
81552
81553
81554
81555
81556
81557
81558
81559
81560
81561
81562
81563
81564
81565
81566
81567
81568
81569
81570
81571
81572
81573
81574
81575
81576
81577
81578
81579
81580
81581
81582
81583
81584
81585
81586
81587
81588
81589
81590
81591
81592
81593
81594
81595
81596
81597
81598
81599
81600
81601
81602
81603
81604
81605
81606
81607
81608
81609
81610
81611
81612
81613
81614
81615
81616
81617
81618
81619
81620
81621
81622
81623
81624
81625
81626
81627
81628
81629
81630
81631
81632
81633
81634
81635
81636
81637
81638
81639
81640
81641
81642
81643
81644
81645
81646
81647
81648
81649
81650
81651
81652
81653
81654
81655
81656
81657
81658
81659
81660
81661
81662
81663
81664
81665
81666
81667
81668
81669
81670
81671
81672
81673
81674
81675
81676
81677
81678
81679
81680
81681
81682
81683
81684
81685
81686
81687
81688
81689
81690
81691
81692
81693
81694
81695
81696
81697
81698
81699
81700
81701
81702
81703
81704
81705
81706
81707
81708
81709
81710
81711
81712
81713
81714
81715
81716
81717
81718
81719
81720
81721
81722
81723
81724
81725
81726
81727
81728
81729
81730
81731
81732
81733
81734
81735
81736
81737
81738
81739
81740
81741
81742
81743
81744
81745
81746
81747
81748
81749
81750
81751
81752
81753
81754
81755
81756
81757
81758
81759
81760
81761
81762
81763
81764
81765
81766
81767
81768
81769
81770
81771
81772
81773
81774
81775
81776
81777
81778
81779
81780
81781
81782
81783
81784
81785
81786
81787
81788
81789
81790
81791
81792
81793
81794
81795
81796
81797
81798
81799
81800
81801
81802
81803
81804
81805
81806
81807
81808
81809
81810
81811
81812
81813
81814
81815
81816
81817
81818
81819
81820
81821
81822
81823
81824
81825
81826
81827
81828
81829
81830
81831
81832
81833
81834
81835
81836
81837
81838
81839
81840
81841
81842
81843
81844
81845
81846
81847
81848
81849
81850
81851
81852
81853
81854
81855
81856
81857
81858
81859
81860
81861
81862
81863
81864
81865
81866
81867
81868
81869
81870
81871
81872
81873
81874
81875
81876
81877
81878
81879
81880
81881
81882
81883
81884
81885
81886
81887
81888
81889
81890
81891
81892
81893
81894
81895
81896
81897
81898
81899
81900
81901
81902
81903
81904
81905
81906
81907
81908
81909
81910
81911
81912
81913
81914
81915
81916
81917
81918
81919
81920
81921
81922
81923
81924
81925
81926
81927
81928
81929
81930
81931
81932
81933
81934
81935
81936
81937
81938
81939
81940
81941
81942
81943
81944
81945
81946
81947
81948
81949
81950
81951
81952
81953
81954
81955
81956
81957
81958
81959
81960
81961
81962
81963
81964
81965
81966
81967
81968
81969
81970
81971
81972
81973
81974
81975
81976
81977
81978
81979
81980
81981
81982
81983
81984
81985
81986
81987
81988
81989
81990
81991
81992
81993
81994
81995
81996
81997
81998
81999
82000
82001
82002
82003
82004
82005
82006
82007
82008
82009
82010
82011
82012
82013
82014
82015
82016
82017
82018
82019
82020
82021
82022
82023
82024
82025
82026
82027
82028
82029
82030
82031
82032
82033
82034
82035
82036
82037
82038
82039
82040
82041
82042
82043
82044
82045
82046
82047
82048
82049
82050
82051
82052
82053
82054
82055
82056
82057
82058
82059
82060
82061
82062
82063
82064
82065
82066
82067
82068
82069
82070
82071
82072
82073
82074
82075
82076
82077
82078
82079
82080
82081
82082
82083
82084
82085
82086
82087
82088
82089
82090
82091
82092
82093
82094
82095
82096
82097
82098
82099
82100
82101
82102
82103
82104
82105
82106
82107
82108
82109
82110
82111
82112
82113
82114
82115
82116
82117
82118
82119
82120
82121
82122
82123
82124
82125
82126
82127
82128
82129
82130
82131
82132
82133
82134
82135
82136
82137
82138
82139
82140
82141
82142
82143
82144
82145
82146
82147
82148
82149
82150
82151
82152
82153
82154
82155
82156
82157
82158
82159
82160
82161
82162
82163
82164
82165
82166
82167
82168
82169
82170
82171
82172
82173
82174
82175
82176
82177
82178
82179
82180
82181
82182
82183
82184
82185
82186
82187
82188
82189
82190
82191
82192
82193
82194
82195
82196
82197
82198
82199
82200
82201
82202
82203
82204
82205
82206
82207
82208
82209
82210
82211
82212
82213
82214
82215
82216
82217
82218
82219
82220
82221
82222
82223
82224
82225
82226
82227
82228
82229
82230
82231
82232
82233
82234
82235
82236
82237
82238
82239
82240
82241
82242
82243
82244
82245
82246
82247
82248
82249
82250
82251
82252
82253
82254
82255
82256
82257
82258
82259
82260
82261
82262
82263
82264
82265
82266
82267
82268
82269
82270
82271
82272
82273
82274
82275
82276
82277
82278
82279
82280
82281
82282
82283
82284
82285
82286
82287
82288
82289
82290
82291
82292
82293
82294
82295
82296
82297
82298
82299
82300
82301
82302
82303
82304
82305
82306
82307
82308
82309
82310
82311
82312
82313
82314
82315
82316
82317
82318
82319
82320
82321
82322
82323
82324
82325
82326
82327
82328
82329
82330
82331
82332
82333
82334
82335
82336
82337
82338
82339
82340
82341
82342
82343
82344
82345
82346
82347
82348
82349
82350
82351
82352
82353
82354
82355
82356
82357
82358
82359
82360
82361
82362
82363
82364
82365
82366
82367
82368
82369
82370
82371
82372
82373
82374
82375
82376
82377
82378
82379
82380
82381
82382
82383
82384
82385
82386
82387
82388
82389
82390
82391
82392
82393
82394
82395
82396
82397
82398
82399
82400
82401
82402
82403
82404
82405
82406
82407
82408
82409
82410
82411
82412
82413
82414
82415
82416
82417
82418
82419
82420
82421
82422
82423
82424
82425
82426
82427
82428
82429
82430
82431
82432
82433
82434
82435
82436
82437
82438
82439
82440
82441
82442
82443
82444
82445
82446
82447
82448
82449
82450
82451
82452
82453
82454
82455
82456
82457
82458
82459
82460
82461
82462
82463
82464
82465
82466
82467
82468
82469
82470
82471
82472
82473
82474
82475
82476
82477
82478
82479
82480
82481
82482
82483
82484
82485
82486
82487
82488
82489
82490
82491
82492
82493
82494
82495
82496
82497
82498
82499
82500
82501
82502
82503
82504
82505
82506
82507
82508
82509
82510
82511
82512
82513
82514
82515
82516
82517
82518
82519
82520
82521
82522
82523
82524
82525
82526
82527
82528
82529
82530
82531
82532
82533
82534
82535
82536
82537
82538
82539
82540
82541
82542
82543
82544
82545
82546
82547
82548
82549
82550
82551
82552
82553
82554
82555
82556
82557
82558
82559
82560
82561
82562
82563
82564
82565
82566
82567
82568
82569
82570
82571
82572
82573
82574
82575
82576
82577
82578
82579
82580
82581
82582
82583
82584
82585
82586
82587
82588
82589
82590
82591
82592
82593
82594
82595
82596
82597
82598
82599
82600
82601
82602
82603
82604
82605
82606
82607
82608
82609
82610
82611
82612
82613
82614
82615
82616
82617
82618
82619
82620
82621
82622
82623
82624
82625
82626
82627
82628
82629
82630
82631
82632
82633
82634
82635
82636
82637
82638
82639
82640
82641
82642
82643
82644
82645
82646
82647
82648
82649
82650
82651
82652
82653
82654
82655
330624
330625
330626
330627
330628
330629
330630
330631
330632
330633
330634
330635
330636
330637
330638
330639
330640
330641
330642
330643
330644
330645
330646
330647
330648
330649
330650
330651
330652
330653
330654
330655
330656
330657
330658
330659
330660
330661
330662
330663
330664
330665
330666
330667
330668
330669
330670
330671
330672
330673
330674
330675
330676
330677
330678
330679
330680
330681
330682
330683
330684
330685
330686
330687
330688
330689
330690
330691
330692
330693
330694
330695
330696
330697
330698
330699
330700
330701
330702
330703
330704
330705
330706
330707
330708
330709
330710
330711
330712
330713
330714
330715
330716
330717
330718
330719
330720
330721
330722
330723
330724
330725
330726
330727
330728
330729
330730
330731
330732
330733
330734
330735
330736
330737
330738
330739
330740
330741
330742
330743
330744
330745
330746
330747
330748
330749
330750
330751
330752
330753
330754
330755
330756
330757
330758
330759
330760
330761
330762
330763
330764
330765
330766
330767
330768
330769
330770
330771
330772
330773
330774
330775
330776
330777
330778
330779
330780
330781
330782
330783
330784
330785
330786
330787
330788
330789
330790
330791
330792
330793
330794
330795
330796
330797
330798
330799
330800
330801
330802
330803
330804
330805
330806
330807
330808
330809
330810
330811
330812
330813
330814
330815
330816
330817
330818
330819
330820
330821
330822
330823
330824
330825
330826
330827
330828
330829
330830
330831
330832
330833
330834
330835
330836
330837
330838
330839
330840
330841
330842
330843
330844
330845
330846
330847
330848
330849
330850
330851
330852
330853
330854
330855
330856
330857
330858
330859
330860
330861
330862
330863
330864
330865
330866
330867
330868
330869
330870
330871
330872
330873
330874
330875
330876
330877
330878
330879
330880
330881
330882
330883
330884
330885
330886
330887
330888
330889
330890
330891
330892
330893
330894
330895
330896
330897
330898
330899
330900
330901
330902
330903
330904
330905
330906
330907
330908
330909
330910
330911
330912
330913
330914
330915
330916
330917
330918
330919
330920
330921
330922
330923
330924
330925
330926
330927
330928
330929
330930
330931
330932
330933
330934
330935
330936
330937
330938
330939
330940
330941
330942
330943
330944
330945
330946
330947
330948
330949
330950
330951
330952
330953
330954
330955
330956
330957
330958
330959
330960
330961
330962
330963
330964
330965
330966
330967
330968
330969
330970
330971
330972
330973
330974
330975
330976
330977
330978
330979
330980
330981
330982
330983
330984
330985
330986
330987
330988
330989
330990
330991
330992
330993
330994
330995
330996
330997
330998
330999
331000
331001
331002
331003
331004
331005
331006
331007
331008
331009
331010
331011
331012
331013
331014
331015
331016
331017
331018
331019
331020
331021
331022
331023
331024
331025
331026
331027
331028
331029
331030
331031
331032
331033
331034
331035
331036
331037
331038
331039
331040
331041
331042
331043
331044
331045
331046
331047
331048
331049
331050
331051
331052
331053
331054
331055
331056
331057
331058
331059
331060
331061
331062
331063
331064
331065
331066
331067
331068
331069
331070
331071
331072
331073
331074
331075
331076
331077
331078
331079
331080
331081
331082
331083
331084
331085
331086
331087
331088
331089
331090
331091
331092
331093
331094
331095
331096
331097
331098
331099
331100
331101
331102
331103
331104
331105
331106
331107
331108
331109
331110
331111
331112
331113
331114
331115
331116
331117
331118
331119
331120
331121
331122
331123
331124
331125
331126
331127
331128
331129
331130
331131
331132
331133
331134
331135
331136
331137
331138
331139
331140
331141
331142
331143
331144
331145
331146
331147
331148
331149
331150
331151
331152
331153
331154
331155
331156
331157
331158
331159
331160
331161
331162
331163
331164
331165
331166
331167
331168
331169
331170
331171
331172
331173
331174
331175
331176
331177
331178
331179
331180
331181
331182
331183
331184
331185
331186
331187
331188
331189
331190
331191
331192
331193
331194
331195
331196
331197
331198
331199
331200
331201
331202
331203
331204
331205
331206
331207
331208
331209
331210
331211
331212
331213
331214
331215
331216
331217
331218
331219
331220
331221
331222
331223
331224
331225
331226
331227
331228
331229
331230
331231
331232
331233
331234
331235
331236
331237
331238
331239
331240
331241
331242
331243
331244
331245
331246
331247
331248
331249
331250
331251
331252
331253
331254
331255
331256
331257
331258
331259
331260
331261
331262
331263
331264
331265
331266
331267
331268
331269
331270
331271
331272
331273
331274
331275
331276
331277
331278
331279
331280
331281
331282
331283
331284
331285
331286
331287
331288
331289
331290
331291
331292
331293
331294
331295
331296
331297
331298
331299
331300
331301
331302
331303
331304
331305
331306
331307
331308
331309
331310
331311
331312
331313
331314
331315
331316
331317
331318
331319
331320
331321
331322
331323
331324
331325
331326
331327
331328
331329
331330
331331
331332
331333
331334
331335
331336
331337
331338
331339
331340
331341
331342
331343
331344
331345
331346
331347
331348
331349
331350
331351
331352
331353
331354
331355
331356
331357
331358
331359
331360
331361
331362
331363
331364
331365
331366
331367
331368
331369
331370
331371
331372
331373
331374
331375
331376
331377
331378
331379
331380
331381
331382
331383
331384
331385
331386
331387
331388
331389
331390
331391
331392
331393
331394
331395
331396
331397
331398
331399
331400
331401
331402
331403
331404
331405
331406
331407
331408
331409
331410
331411
331412
331413
331414
331415
331416
331417
331418
331419
331420
331421
331422
331423
331424
331425
331426
331427
331428
331429
331430
331431
331432
331433
331434
331435
331436
331437
331438
331439
331440
331441
331442
331443
331444
331445
331446
331447
331448
331449
331450
331451
331452
331453
331454
331455
331456
331457
331458
331459
331460
331461
331462
331463
331464
331465
331466
331467
331468
331469
331470
331471
331472
331473
331474
331475
331476
331477
331478
331479
331480
331481
331482
331483
331484
331485
331486
331487
331488
331489
331490
331491
331492
331493
331494
331495
331496
331497
331498
331499
331500
331501
331502
331503
331504
331505
331506
331507
331508
331509
331510
331511
331512
331513
331514
331515
331516
331517
331518
331519
331520
331521
331522
331523
331524
331525
331526
331527
331528
331529
331530
331531
331532
331533
331534
331535
331536
331537
331538
331539
331540
331541
331542
331543
331544
331545
331546
331547
331548
331549
331550
331551
331552
331553
331554
331555
331556
331557
331558
331559
331560
331561
331562
331563
331564
331565
331566
331567
331568
331569
331570
331571
331572
331573
331574
331575
331576
331577
331578
331579
331580
331581
331582
331583
331584
331585
331586
331587
331588
331589
331590
331591
331592
331593
331594
331595
331596
331597
331598
331599
331600
331601
331602
331603
331604
331605
331606
331607
331608
331609
331610
331611
331612
331613
331614
331615
331616
331617
331618
331619
331620
331621
331622
331623
331624
331625
331626
331627
331628
331629
331630
331631
331632
331633
331634
331635
331636
331637
331638
331639
331640
331641
331642
331643
331644
331645
331646
331647
331648
331649
331650
331651
331652
331653
331654
331655
331656
331657
331658
331659
331660
331661
331662
331663
331664
331665
331666
331667
331668
331669
331670
331671
331672
331673
331674
331675
331676
331677
331678
331679
331680
331681
331682
331683
331684
331685
331686
331687
331688
331689
331690
331691
331692
331693
331694
331695
331696
331697
331698
331699
331700
331701
331702
331703
331704
331705
331706
331707
331708
331709
331710
331711
331712
331713
331714
331715
331716
331717
331718
331719
331720
331721
331722
331723
331724
331725
331726
331727
331728
331729
331730
331731
331732
331733
331734
331735
331736
331737
331738
331739
331740
331741
331742
331743
331744
331745
331746
331747
331748
331749
331750
331751
331752
331753
331754
331755
331756
331757
331758
331759
331760
331761
331762
331763
331764
331765
331766
331767
331768
331769
331770
331771
331772
331773
331774
331775
331776
331777
331778
331779
331780
331781
331782
331783
331784
331785
331786
331787
331788
331789
331790
331791
331792
331793
331794
331795
331796
331797
331798
331799
331800
331801
331802
331803
331804
331805
331806
331807
331808
331809
331810
331811
331812
331813
331814
331815
331816
331817
331818
331819
331820
331821
331822
331823
331824
331825
331826
331827
331828
331829
331830
331831
331832
331833
331834
331835
331836
331837
331838
331839
331840
331841
331842
331843
331844
331845
331846
331847
331848
331849
331850
331851
331852
331853
331854
331855
331856
331857
331858
331859
331860
331861
331862
331863
331864
331865
331866
331867
331868
331869
331870
331871
331872
331873
331874
331875
331876
331877
331878
331879
331880
331881
331882
331883
331884
331885
331886
331887
331888
331889
331890
331891
331892
331893
331894
331895
331896
331897
331898
331899
331900
331901
331902
331903
331904
331905
331906
331907
331908
331909
331910
331911
331912
331913
331914
331915
331916
331917
331918
331919
331920
331921
331922
331923
331924
331925
331926
331927
331928
331929
331930
331931
331932
331933
331934
331935
331936
331937
331938
331939
331940
331941
331942
331943
331944
331945
331946
331947
331948
331949
331950
331951
331952
331953
331954
331955
331956
331957
331958
331959
331960
331961
331962
331963
331964
331965
331966
331967
331968
331969
331970
331971
331972
331973
331974
331975
331976
331977
331978
331979
331980
331981
331982
331983
331984
331985
331986
331987
331988
331989
331990
331991
331992
331993
331994
331995
331996
331997
331998
331999
332000
332001
332002
332003
332004
332005
332006
332007
332008
332009
332010
332011
332012
332013
332014
332015
332016
332017
332018
332019
332020
332021
332022
332023
332024
332025
332026
332027
332028
332029
332030
332031
332032
332033
332034
332035
332036
332037
332038
332039
332040
332041
332042
332043
332044
332045
332046
332047
332048
332049
332050
332051
332052
332053
332054
332055
332056
332057
332058
332059
332060
332061
332062
332063
332064
332065
332066
332067
332068
332069
332070
332071
332072
332073
332074
332075
332076
332077
332078
332079
332080
332081
332082
332083
332084
332085
332086
332087
332088
332089
332090
332091
332092
332093
332094
332095
332096
332097
332098
332099
332100
332101
332102
332103
332104
332105
332106
332107
332108
332109
332110
332111
332112
332113
332114
332115
332116
332117
332118
332119
332120
332121
332122
332123
332124
332125
332126
332127
332128
332129
332130
332131
332132
332133
332134
332135
332136
332137
332138
332139
332140
332141
332142
332143
332144
332145
332146
332147
332148
332149
332150
332151
332152
332153
332154
332155
332156
332157
332158
332159
332160
332161
332162
332163
332164
332165
332166
332167
332168
332169
332170
332171
332172
332173
332174
332175
332176
332177
332178
332179
332180
332181
332182
332183
332184
332185
332186
332187
332188
332189
332190
332191
332192
332193
332194
332195
332196
332197
332198
332199
332200
332201
332202
332203
332204
332205
332206
332207
332208
332209
332210
332211
332212
332213
332214
332215
332216
332217
332218
332219
332220
332221
332222
332223
332224
332225
332226
332227
332228
332229
332230
332231
332232
332233
332234
332235
332236
332237
332238
332239
332240
332241
332242
332243
332244
332245
332246
332247
332248
332249
332250
332251
332252
332253
332254
332255
332256
332257
332258
332259
332260
332261
332262
332263
332264
332265
332266
332267
332268
332269
332270
332271
332272
332273
332274
332275
332276
332277
332278
332279
332280
332281
332282
332283
332284
332285
332286
332287
332288
332289
332290
332291
332292
332293
332294
332295
332296
332297
332298
332299
332300
332301
332302
332303
332304
332305
332306
332307
332308
332309
332310
332311
332312
332313
332314
332315
332316
332317
332318
332319
332320
332321
332322
332323
332324
332325
332326
332327
332328
332329
332330
332331
332332
332333
332334
332335
332336
332337
332338
332339
332340
332341
332342
332343
332344
332345
332346
332347
332348
332349
332350
332351
332352
332353
332354
332355
332356
332357
332358
332359
332360
332361
332362
332363
332364
332365
332366
332367
332368
332369
332370
332371
332372
332373
332374
332375
332376
332377
332378
332379
332380
332381
332382
332383
332384
332385
332386
332387
332388
332389
332390
332391
332392
332393
332394
332395
332396
332397
332398
332399
332400
332401
332402
332403
332404
332405
332406
332407
332408
332409
332410
332411
332412
332413
332414
332415
332416
332417
332418
332419
332420
332421
332422
332423
332424
332425
332426
332427
332428
332429
332430
332431
332432
332433
332434
332435
332436
332437
332438
332439
332440
332441
332442
332443
332444
332445
332446
332447
332448
332449
332450
332451
332452
332453
332454
332455
332456
332457
332458
332459
332460
332461
332462
332463
332464
332465
332466
332467
332468
332469
332470
332471
332472
332473
332474
332475
332476
332477
332478
332479
332480
332481
332482
332483
332484
332485
332486
332487
332488
332489
332490
332491
332492
332493
332494
332495
332496
332497
332498
332499
332500
332501
332502
332503
332504
332505
332506
332507
332508
332509
332510
332511
332512
332513
332514
332515
332516
332517
332518
332519
332520
332521
332522
332523
332524
332525
332526
332527
332528
332529
332530
332531
332532
332533
332534
332535
332536
332537
332538
332539
332540
332541
332542
332543
332544
332545
332546
332547
332548
332549
332550
332551
332552
332553
332554
332555
332556
332557
332558
332559
332560
332561
332562
332563
332564
332565
332566
332567
332568
332569
332570
332571
332572
332573
332574
332575
332576
332577
332578
332579
332580
332581
332582
332583
332584
332585
332586
332587
332588
332589
332590
332591
332592
332593
332594
332595
332596
332597
332598
332599
332600
332601
332602
332603
332604
332605
332606
332607
332608
332609
332610
332611
332612
332613
332614
332615
332616
332617
332618
332619
332620
332621
332622
332623
332624
332625
332626
332627
332628
332629
332630
332631
332632
332633
332634
332635
332636
332637
332638
332639
576576
576577
576578
576579
576580
576581
576582
576583
576584
576585
576586
576587
576588
576589
576590
576591
576592
576593
576594
576595
576596
576597
576598
576599
576600
576601
576602
576603
576604
576605
576606
576607
576608
576609
576610
576611
576612
576613
576614
576615
576616
576617
576618
576619
576620
576621
576622
576623
576624
576625
576626
576627
576628
576629
576630
576631
576632
576633
576634
576635
576636
576637
576638
576639
576640
576641
576642
576643
576644
576645
576646
576647
576648
576649
576650
576651
576652
576653
576654
576655
576656
576657
576658
576659
576660
576661
576662
576663
576664
576665
576666
576667
576668
576669
576670
576671
576672
576673
576674
576675
576676
576677
576678
576679
576680
576681
576682
576683
576684
576685
576686
576687
576688
576689
576690
576691
576692
576693
576694
576695
576696
576697
576698
576699
576700
576701
576702
576703
576704
576705
576706
576707
576708
576709
576710
576711
576712
576713
576714
576715
576716
576717
576718
576719
576720
576721
576722
576723
576724
576725
576726
576727
576728
576729
576730
576731
576732
576733
576734
576735
576736
576737
576738
576739
576740
576741
576742
576743
576744
576745
576746
576747
576748
576749
576750
576751
576752
576753
576754
576755
576756
576757
576758
576759
576760
576761
576762
576763
576764
576765
576766
576767
576768
576769
576770
576771
576772
576773
576774
576775
576776
576777
576778
576779
576780
576781
576782
576783
576784
576785
576786
576787
576788
576789
576790
576791
576792
576793
576794
576795
576796
576797
576798
576799
576800
576801
576802
576803
576804
576805
576806
576807
576808
576809
576810
576811
576812
576813
576814
576815
576816
576817
576818
576819
576820
576821
576822
576823
576824
576825
576826
576827
576828
576829
576830
576831
576832
576833
576834
576835
576836
576837
576838
576839
576840
576841
576842
576843
576844
576845
576846
576847
576848
576849
576850
576851
576852
576853
576854
576855
576856
576857
576858
576859
576860
576861
576862
576863
576864
576865
576866
576867
576868
576869
576870
576871
576872
576873
576874
576875
576876
576877
576878
576879
576880
576881
576882
576883
576884
576885
576886
576887
576888
576889
576890
576891
576892
576893
576894
576895
576896
576897
576898
576899
576900
576901
576902
576903
576904
576905
576906
576907
576908
576909
576910
576911
576912
576913
576914
576915
576916
576917
576918
576919
576920
576921
576922
576923
576924
576925
576926
576927
576928
576929
576930
576931
576932
576933
576934
576935
576936
576937
576938
576939
576940
576941
576942
576943
576944
576945
576946
576947
576948
576949
576950
576951
576952
576953
576954
576955
576956
576957
576958
576959
576960
576961
576962
576963
576964
576965
576966
576967
576968
576969
576970
576971
576972
576973
576974
576975
576976
576977
576978
576979
576980
576981
576982
576983
576984
576985
576986
576987
576988
576989
576990
576991
576992
576993
576994
576995
576996
576997
576998
576999
577000
577001
577002
577003
577004
577005
577006
577007
577008
577009
577010
577011
577012
577013
577014
577015
577016
577017
577018
577019
577020
577021
577022
577023
577024
577025
577026
577027
577028
577029
577030
577031
577032
577033
577034
577035
577036
577037
577038
577039
577040
577041
577042
577043
577044
577045
577046
577047
577048
577049
577050
577051
577052
577053
577054
577055
577056
577057
577058
577059
577060
577061
577062
577063
577064
577065
577066
577067
577068
577069
577070
577071
577072
577073
577074
577075
577076
577077
577078
577079
577080
577081
577082
577083
577084
577085
577086
577087
577088
577089
577090
577091
577092
577093
577094
577095
577096
577097
577098
577099
577100
577101
577102
577103
577104
577105
577106
577107
577108
577109
577110
577111
577112
577113
577114
577115
577116
577117
577118
577119
577120
577121
577122
577123
577124
577125
577126
577127
577128
577129
577130
577131
577132
577133
577134
577135
577136
577137
577138
577139
577140
577141
577142
577143
577144
577145
577146
577147
577148
577149
577150
577151
577152
577153
577154
577155
577156
577157
577158
577159
577160
577161
577162
577163
577164
577165
577166
577167
577168
577169
577170
577171
577172
577173
577174
577175
577176
577177
577178
577179
577180
577181
577182
577183
577184
577185
577186
577187
577188
577189
577190
577191
577192
577193
577194
577195
577196
577197
577198
577199
577200
577201
577202
577203
577204
577205
577206
577207
577208
577209
577210
577211
577212
577213
577214
577215
577216
577217
577218
577219
577220
577221
577222
577223
577224
577225
577226
577227
577228
577229
577230
577231
577232
577233
577234
577235
577236
577237
577238
577239
577240
577241
577242
577243
577244
577245
577246
577247
577248
577249
577250
577251
577252
577253
577254
577255
577256
577257
577258
577259
577260
577261
577262
577263
577264
577265
577266
577267
577268
577269
577270
577271
577272
577273
577274
577275
577276
577277
577278
577279
577280
577281
577282
577283
577284
577285
577286
577287
577288
577289
577290
577291
577292
577293
577294
577295
577296
577297
577298
577299
577300
577301
577302
577303
577304
577305
577306
577307
577308
577309
577310
577311
577312
577313
577314
577315
577316
577317
577318
577319
577320
577321
577322
577323
577324
577325
577326
577327
577328
577329
577330
577331
577332
577333
577334
577335
577336
577337
577338
577339
577340
577341
577342
577343
577344
577345
577346
577347
577348
577349
577350
577351
577352
577353
577354
577355
577356
577357
577358
577359
577360
577361
577362
577363
577364
577365
577366
577367
577368
577369
577370
577371
577372
577373
577374
577375
577376
577377
577378
577379
577380
577381
577382
577383
577384
577385
577386
577387
577388
577389
577390
577391
577392
577393
577394
577395
577396
577397
577398
577399
577400
577401
577402
577403
577404
577405
577406
577407
577408
577409
577410
577411
577412
577413
577414
577415
577416
577417
577418
577419
577420
577421
577422
577423
577424
577425
577426
577427
577428
577429
577430
577431
577432
577433
577434
577435
577436
577437
577438
577439
577440
577441
577442
577443
577444
577445
577446
577447
577448
577449
577450
577451
577452
577453
577454
577455
577456
577457
577458
577459
577460
577461
577462
577463
577464
577465
577466
577467
577468
577469
577470
577471
577472
577473
577474
577475
577476
577477
577478
577479
577480
577481
577482
577483
577484
577485
577486
577487
577488
577489
577490
577491
577492
577493
577494
577495
577496
577497
577498
577499
577500
577501
577502
577503
577504
577505
577506
577507
577508
577509
577510
577511
577512
577513
577514
577515
577516
577517
577518
577519
577520
577521
577522
577523
577524
577525
577526
577527
577528
577529
577530
577531
577532
577533
577534
577535
577536
577537
577538
577539
577540
577541
577542
577543
577544
577545
577546
577547
577548
577549
577550
577551
577552
577553
577554
577555
577556
577557
577558
577559
577560
577561
577562
577563
577564
577565
577566
577567
577568
577569
577570
577571
577572
577573
577574
577575
577576
577577
577578
577579
577580
577581
577582
577583
577584
577585
577586
577587
577588
577589
577590
577591
577592
577593
577594
577595
577596
577597
577598
577599
577600
577601
577602
577603
577604
577605
577606
577607
577608
577609
577610
577611
577612
577613
577614
577615
577616
577617
577618
577619
577620
577621
577622
577623
577624
577625
577626
577627
577628
577629
577630
577631
577632
577633
577634
577635
577636
577637
577638
577639
577640
577641
577642
577643
577644
577645
577646
577647
577648
577649
577650
577651
577652
577653
577654
577655
577656
577657
577658
577659
577660
577661
577662
577663
577664
577665
577666
577667
577668
577669
577670
577671
577672
577673
577674
577675
577676
577677
577678
577679
577680
577681
577682
577683
577684
577685
577686
577687
577688
577689
577690
577691
577692
577693
577694
577695
577696
577697
577698
577699
577700
577701
577702
577703
577704
577705
577706
577707
577708
577709
577710
577711
577712
577713
577714
577715
577716
577717
577718
577719
577720
577721
577722
577723
577724
577725
577726
577727
577728
577729
577730
577731
577732
577733
577734
577735
577736
577737
577738
577739
577740
577741
577742
577743
577744
577745
577746
577747
577748
577749
577750
577751
577752
577753
577754
577755
577756
577757
577758
577759
577760
577761
577762
577763
577764
577765
577766
577767
577768
577769
577770
577771
577772
577773
577774
577775
577776
577777
577778
577779
577780
577781
577782
577783
577784
577785
577786
577787
577788
577789
577790
577791
577792
577793
577794
577795
577796
577797
577798
577799
577800
577801
577802
577803
577804
577805
577806
577807
577808
577809
577810
577811
577812
577813
577814
577815
577816
577817
577818
577819
577820
577821
577822
577823
577824
577825
577826
577827
577828
577829
577830
577831
577832
577833
577834
577835
577836
577837
577838
577839
577840
577841
577842
577843
577844
577845
577846
577847
577848
577849
577850
577851
577852
577853
577854
577855
577856
577857
577858
577859
577860
577861
577862
577863
577864
577865
577866
577867
577868
577869
577870
577871
577872
577873
577874
577875
577876
577877
577878
577879
577880
577881
577882
577883
577884
577885
577886
577887
577888
577889
577890
577891
577892
577893
577894
577895
577896
577897
577898
577899
577900
577901
577902
577903
577904
577905
577906
577907
577908
577909
577910
577911
577912
577913
577914
577915
577916
577917
577918
577919
577920
577921
577922
577923
577924
577925
577926
577927
577928
577929
577930
577931
577932
577933
577934
577935
577936
577937
577938
577939
577940
577941
577942
577943
577944
577945
577946
577947
577948
577949
577950
577951
577952
577953
577954
577955
577956
577957
577958
577959
577960
577961
577962
577963
577964
577965
577966
577967
577968
577969
577970
577971
577972
577973
577974
577975
577976
577977
577978
577979
577980
577981
577982
577983
577984
577985
577986
577987
577988
577989
577990
577991
577992
577993
577994
577995
577996
577997
577998
577999
578000
578001
578002
578003
578004
578005
578006
578007
578008
578009
578010
578011
578012
578013
578014
578015
578016
578017
578018
578019
578020
578021
578022
578023
578024
578025
578026
578027
578028
578029
578030
578031
578032
578033
578034
578035
578036
578037
578038
578039
578040
578041
578042
578043
578044
578045
578046
578047
578048
578049
578050
578051
578052
578053
578054
578055
578056
578057
578058
578059
578060
578061
578062
578063
578064
578065
578066
578067
578068
578069
578070
578071
578072
578073
578074
578075
578076
578077
578078
578079
578080
578081
578082
578083
578084
578085
578086
578087
578088
578089
578090
578091
578092
578093
578094
578095
578096
578097
578098
578099
578100
578101
578102
578103
578104
578105
578106
578107
578108
578109
578110
578111
578112
578113
578114
578115
578116
578117
578118
578119
578120
578121
578122
578123
578124
578125
578126
578127
578128
578129
578130
578131
578132
578133
578134
578135
578136
578137
578138
578139
578140
578141
578142
578143
578144
578145
578146
578147
578148
578149
578150
578151
578152
578153
578154
578155
578156
578157
578158
578159
578160
578161
578162
578163
578164
578165
578166
578167
578168
578169
578170
578171
578172
578173
578174
578175
578176
578177
578178
578179
578180
578181
578182
578183
578184
578185
578186
578187
578188
578189
578190
578191
578192
578193
578194
578195
578196
578197
578198
578199
578200
578201
578202
578203
578204
578205
578206
578207
578208
578209
578210
578211
578212
578213
578214
578215
578216
578217
578218
578219
578220
578221
578222
578223
578224
578225
578226
578227
578228
578229
578230
578231
578232
578233
578234
578235
578236
578237
578238
578239
578240
578241
578242
578243
578244
578245
578246
578247
578248
578249
578250
578251
578252
578253
578254
578255
578256
578257
578258
578259
578260
578261
578262
578263
578264
578265
578266
578267
578268
578269
578270
578271
578272
578273
578274
578275
578276
578277
578278
578279
578280
578281
578282
578283
578284
578285
578286
578287
578288
578289
578290
578291
578292
578293
578294
578295
578296
578297
578298
578299
578300
578301
578302
578303
578304
578305
578306
578307
578308
578309
578310
578311
578312
578313
578314
578315
578316
578317
578318
578319
578320
578321
578322
578323
578324
578325
578326
578327
578328
578329
578330
578331
578332
578333
578334
578335
578336
578337
578338
578339
578340
578341
578342
578343
578344
578345
578346
578347
578348
578349
578350
578351
578352
578353
578354
578355
578356
578357
578358
578359
578360
578361
578362
578363
578364
578365
578366
578367
578368
578369
578370
578371
578372
578373
578374
578375
578376
578377
578378
578379
578380
578381
578382
578383
578384
578385
578386
578387
578388
578389
578390
578391
578392
578393
578394
578395
578396
578397
578398
578399
578400
578401
578402
578403
578404
578405
578406
578407
578408
578409
578410
578411
578412
578413
578414
578415
578416
578417
578418
578419
578420
578421
578422
578423
578424
578425
578426
578427
578428
578429
578430
578431
578432
578433
578434
578435
578436
578437
578438
578439
578440
578441
578442
578443
578444
578445
578446
578447
578448
578449
578450
578451
578452
578453
578454
578455
578456
578457
578458
578459
578460
578461
578462
578463
578464
578465
578466
578467
578468
578469
578470
578471
578472
578473
578474
578475
578476
578477
578478
578479
578480
578481
578482
578483
578484
578485
578486
578487
578488
578489
578490
578491
578492
578493
578494
578495
578496
578497
578498
578499
578500
578501
578502
578503
578504
578505
578506
578507
578508
578509
578510
578511
578512
578513
578514
578515
578516
578517
578518
578519
578520
578521
578522
578523
578524
578525
578526
578527
578528
578529
578530
578531
578532
578533
578534
578535
578536
578537
578538
578539
578540
578541
578542
578543
578544
578545
578546
578547
578548
578549
578550
578551
578552
578553
578554
578555
578556
578557
578558
578559
578560
578561
578562
578563
578564
578565
578566
578567
578568
578569
578570
578571
578572
578573
578574
578575
578576
578577
578578
578579
578580
578581
578582
578583
578584
578585
578586
578587
578588
578589
578590
578591
622944
622945
622946
622947
622948
622949
622950
622951
622952
622953
622954
622955
622956
622957
622958
622959
622960
622961
622962
622963
622964
622965
622966
622967
622968
622969
622970
622971
622972
622973
622974
622975
622976
622977
622978
622979
622980
622981
622982
622983
622984
622985
622986
622987
622988
622989
622990
622991
622992
622993
622994
622995
622996
622997
622998
622999
623000
623001
623002
623003
623004
623005
623006
623007
623008
623009
623010
623011
623012
623013
623014
623015
623016
623017
623018
623019
623020
623021
623022
623023
623024
623025
623026
623027
623028
623029
623030
623031
623032
623033
623034
623035
623036
623037
623038
623039
623040
623041
623042
623043
623044
623045
623046
623047
623048
623049
623050
623051
623052
623053
623054
623055
623056
623057
623058
623059
623060
623061
623062
623063
623064
623065
623066
623067
623068
623069
623070
623071
623072
623073
623074
623075
623076
623077
623078
623079
623080
623081
623082
623083
623084
623085
623086
623087
623088
623089
623090
623091
623092
623093
623094
623095
623096
623097
623098
623099
623100
623101
623102
623103
623104
623105
623106
623107
623108
623109
623110
623111
623112
623113
623114
623115
623116
623117
623118
623119
623120
623121
623122
623123
623124
623125
623126
623127
623128
623129
623130
623131
623132
623133
623134
623135
623136
623137
623138
623139
623140
623141
623142
623143
623144
623145
623146
623147
623148
623149
623150
623151
623152
623153
623154
623155
623156
623157
623158
623159
623160
623161
623162
623163
623164
623165
623166
623167
623168
623169
623170
623171
623172
623173
623174
623175
623176
623177
623178
623179
623180
623181
623182
623183
623184
623185
623186
623187
623188
623189
623190
623191
623192
623193
623194
623195
623196
623197
623198
623199
623200
623201
623202
623203
623204
623205
623206
623207
623208
623209
623210
623211
623212
623213
623214
623215
623216
623217
623218
623219
623220
623221
623222
623223
623224
623225
623226
623227
623228
623229
623230
623231
623232
623233
623234
623235
623236
623237
623238
623239
623240
623241
623242
623243
623244
623245
623246
623247
623248
623249
623250
623251
623252
623253
623254
623255
623256
623257
623258
623259
623260
623261
623262
623263
623264
623265
623266
623267
623268
623269
623270
623271
623272
623273
623274
623275
623276
623277
623278
623279
623280
623281
623282
623283
623284
623285
623286
623287
623288
623289
623290
623291
623292
623293
623294
623295
623296
623297
623298
623299
623300
623301
623302
623303
623304
623305
623306
623307
623308
623309
623310
623311
623312
623313
623314
623315
623316
623317
623318
623319
623320
623321
623322
623323
623324
623325
623326
623327
623328
623329
623330
623331
623332
623333
623334
623335
623336
623337
623338
623339
623340
623341
623342
623343
623344
623345
623346
623347
623348
623349
623350
623351
623352
623353
623354
623355
623356
623357
623358
623359
623360
623361
623362
623363
623364
623365
623366
623367
623368
623369
623370
623371
623372
623373
623374
623375
623376
623377
623378
623379
623380
623381
623382
623383
623384
623385
623386
623387
623388
623389
623390
623391
623392
623393
623394
623395
623396
623397
623398
623399
623400
623401
623402
623403
623404
623405
623406
623407
623408
623409
623410
623411
623412
623413
623414
623415
623416
623417
623418
623419
623420
623421
623422
623423
623424
623425
623426
623427
623428
623429
623430
623431
623432
623433
623434
623435
623436
623437
623438
623439
623440
623441
623442
623443
623444
623445
623446
623447
623448
623449
623450
623451
623452
623453
623454
623455
623456
623457
623458
623459
623460
623461
623462
623463
623464
623465
623466
623467
623468
623469
623470
623471
623472
623473
623474
623475
623476
623477
623478
623479
623480
623481
623482
623483
623484
623485
623486
623487
623488
623489
623490
623491
623492
623493
623494
623495
623496
623497
623498
623499
623500
623501
623502
623503
623504
623505
623506
623507
623508
623509
623510
623511
623512
623513
623514
623515
623516
623517
623518
623519
623520
623521
623522
623523
623524
623525
623526
623527
623528
623529
623530
623531
623532
623533
623534
623535
623536
623537
623538
623539
623540
623541
623542
623543
623544
623545
623546
623547
623548
623549
623550
623551
623552
623553
623554
623555
623556
623557
623558
623559
623560
623561
623562
623563
623564
623565
623566
623567
623568
623569
623570
623571
623572
623573
623574
623575
623576
623577
623578
623579
623580
623581
623582
623583
623584
623585
623586
623587
623588
623589
623590
623591
623592
623593
623594
623595
623596
623597
623598
623599
623600
623601
623602
623603
623604
623605
623606
623607
623608
623609
623610
623611
623612
623613
623614
623615
623616
623617
623618
623619
623620
623621
623622
623623
623624
623625
623626
623627
623628
623629
623630
623631
623632
623633
623634
623635
623636
623637
623638
623639
623640
623641
623642
623643
623644
623645
623646
623647
623648
623649
623650
623651
623652
623653
623654
623655
623656
623657
623658
623659
623660
623661
623662
623663
623664
623665
623666
623667
623668
623669
623670
623671
623672
623673
623674
623675
623676
623677
623678
623679
623680
623681
623682
623683
623684
623685
623686
623687
623688
623689
623690
623691
623692
623693
623694
623695
623696
623697
623698
623699
623700
623701
623702
623703
623704
623705
623706
623707
623708
623709
623710
623711
623712
623713
623714
623715
623716
623717
623718
623719
623720
623721
623722
623723
623724
623725
623726
623727
623728
623729
623730
623731
623732
623733
623734
623735
623736
623737
623738
623739
623740
623741
623742
623743
623744
623745
623746
623747
623748
623749
623750
623751
623752
623753
623754
623755
623756
623757
623758
623759
623760
623761
623762
623763
623764
623765
623766
623767
623768
623769
623770
623771
623772
623773
623774
623775
623776
623777
623778
623779
623780
623781
623782
623783
623784
623785
623786
623787
623788
623789
623790
623791
623792
623793
623794
623795
623796
623797
623798
623799
623800
623801
623802
623803
623804
623805
623806
623807
623808
623809
623810
623811
623812
623813
623814
623815
623816
623817
623818
623819
623820
623821
623822
623823
623824
623825
623826
623827
623828
623829
623830
623831
623832
623833
623834
623835
623836
623837
623838
623839
623840
623841
623842
623843
623844
623845
623846
623847
623848
623849
623850
623851
623852
623853
623854
623855
623856
623857
623858
623859
623860
623861
623862
623863
623864
623865
623866
623867
623868
623869
623870
623871
623872
623873
623874
623875
623876
623877
623878
623879
623880
623881
623882
623883
623884
623885
623886
623887
623888
623889
623890
623891
623892
623893
623894
623895
623896
623897
623898
623899
623900
623901
623902
623903
623904
623905
623906
623907
623908
623909
623910
623911
623912
623913
623914
623915
623916
623917
623918
623919
623920
623921
623922
623923
623924
623925
623926
623927
623928
623929
623930
623931
623932
623933
623934
623935
623936
623937
623938
623939
623940
623941
623942
623943
623944
623945
623946
623947
623948
623949
623950
623951
623952
623953
623954
623955
623956
623957
623958
623959
623960
623961
623962
623963
623964
623965
623966
623967
623968
623969
623970
623971
623972
623973
623974
623975
623976
623977
623978
623979
623980
623981
623982
623983
623984
623985
623986
623987
623988
623989
623990
623991
623992
623993
623994
623995
623996
623997
623998
623999
624000
624001
624002
624003
624004
624005
624006
624007
624008
624009
624010
624011
624012
624013
624014
624015
624016
624017
624018
624019
624020
624021
624022
624023
624024
624025
624026
624027
624028
624029
624030
624031
624032
624033
624034
624035
624036
624037
624038
624039
624040
624041
624042
624043
624044
624045
624046
624047
624048
624049
624050
624051
624052
624053
624054
624055
624056
624057
624058
624059
624060
624061
624062
624063
624064
624065
624066
624067
624068
624069
624070
624071
624072
624073
624074
624075
624076
624077
624078
624079
624080
624081
624082
624083
624084
624085
624086
624087
624088
624089
624090
624091
624092
624093
624094
624095
624096
624097
624098
624099
624100
624101
624102
624103
624104
624105
624106
624107
624108
624109
624110
624111
624112
624113
624114
624115
624116
624117
624118
624119
624120
624121
624122
624123
624124
624125
624126
624127
624128
624129
624130
624131
624132
624133
624134
624135
624136
624137
624138
624139
624140
624141
624142
624143
624144
624145
624146
624147
624148
624149
624150
624151
624152
624153
624154
624155
624156
624157
624158
624159
624160
624161
624162
624163
624164
624165
624166
624167
624168
624169
624170
624171
624172
624173
624174
624175
624176
624177
624178
624179
624180
624181
624182
624183
624184
624185
624186
624187
624188
624189
624190
624191
624192
624193
624194
624195
624196
624197
624198
624199
624200
624201
624202
624203
624204
624205
624206
624207
624208
624209
624210
624211
624212
624213
624214
624215
624216
624217
624218
624219
624220
624221
624222
624223
624224
624225
624226
624227
624228
624229
624230
624231
624232
624233
624234
624235
624236
624237
624238
624239
624240
624241
624242
624243
624244
624245
624246
624247
624248
624249
624250
624251
624252
624253
624254
624255
624256
624257
624258
624259
624260
624261
624262
624263
624264
624265
624266
624267
624268
624269
624270
624271
624272
624273
624274
624275
624276
624277
624278
624279
624280
624281
624282
624283
624284
624285
624286
624287
624288
624289
624290
624291
624292
624293
624294
624295
624296
624297
624298
624299
624300
624301
624302
624303
624304
624305
624306
624307
624308
624309
624310
624311
624312
624313
624314
624315
624316
624317
624318
624319
624320
624321
624322
624323
624324
624325
624326
624327
624328
624329
624330
624331
624332
624333
624334
624335
624336
624337
624338
624339
624340
624341
624342
624343
624344
624345
624346
624347
624348
624349
624350
624351
624352
624353
624354
624355
624356
624357
624358
624359
624360
624361
624362
624363
624364
624365
624366
624367
624368
624369
624370
624371
624372
624373
624374
624375
624376
624377
624378
624379
624380
624381
624382
624383
624384
624385
624386
624387
624388
624389
624390
624391
624392
624393
624394
624395
624396
624397
624398
624399
624400
624401
624402
624403
624404
624405
624406
624407
624408
624409
624410
624411
624412
624413
624414
624415
624416
624417
624418
624419
624420
624421
624422
624423
624424
624425
624426
624427
624428
624429
624430
624431
624432
624433
624434
624435
624436
624437
624438
624439
624440
624441
624442
624443
624444
624445
624446
624447
624448
624449
624450
624451
624452
624453
624454
624455
624456
624457
624458
624459
624460
624461
624462
624463
624464
624465
624466
624467
624468
624469
624470
624471
624472
624473
624474
624475
624476
624477
624478
624479
624480
624481
624482
624483
624484
624485
624486
624487
624488
624489
624490
624491
624492
624493
624494
624495
624496
624497
624498
624499
624500
624501
624502
624503
624504
624505
624506
624507
624508
624509
624510
624511
624512
624513
624514
624515
624516
624517
624518
624519
624520
624521
624522
624523
624524
624525
624526
624527
624528
624529
624530
624531
624532
624533
624534
624535
624536
624537
624538
624539
624540
624541
624542
624543
624544
624545
624546
624547
624548
624549
624550
624551
624552
624553
624554
624555
624556
624557
624558
624559
624560
624561
624562
624563
624564
624565
624566
624567
624568
624569
624570
624571
624572
624573
624574
624575
624576
624577
624578
624579
624580
624581
624582
624583
624584
624585
624586
624587
624588
624589
624590
624591
624592
624593
624594
624595
624596
624597
624598
624599
624600
624601
624602
624603
624604
624605
624606
624607
624608
624609
624610
624611
624612
624613
624614
624615
624616
624617
624618
624619
624620
624621
624622
624623
624624
624625
624626
624627
624628
624629
624630
624631
624632
624633
624634
624635
624636
624637
624638
624639
624640
624641
624642
624643
624644
624645
624646
624647
624648
624649
624650
624651
624652
624653
624654
624655
624656
624657
624658
624659
624660
624661
624662
624663
624664
624665
624666
624667
624668
624669
624670
624671
624672
624673
624674
624675
624676
624677
624678
624679
624680
624681
624682
624683
624684
624685
624686
624687
624688
624689
624690
624691
624692
624693
624694
624695
624696
624697
624698
624699
624700
624701
624702
624703
624704
624705
624706
624707
624708
624709
624710
624711
624712
624713
624714
624715
624716
624717
624718
624719
624720
624721
624722
624723
624724
624725
624726
624727
624728
624729
624730
624731
624732
624733
624734
624735
624736
624737
624738
624739
624740
624741
624742
624743
624744
624745
624746
624747
624748
624749
624750
624751
624752
624753
624754
624755
624756
624757
624758
624759
624760
624761
624762
624763
624764
624765
624766
624767
624768
624769
624770
624771
624772
624773
624774
624775
624776
624777
624778
624779
624780
624781
624782
624783
624784
624785
624786
624787
624788
624789
624790
624791
624792
624793
624794
624795
624796
624797
624798
624799
624800
624801
624802
624803
624804
624805
624806
624807
624808
624809
624810
624811
624812
624813
624814
624815
624816
624817
624818
624819
624820
624821
624822
624823
624824
624825
624826
624827
624828
624829
624830
624831
624832
624833
624834
624835
624836
624837
624838
624839
624840
624841
624842
624843
624844
624845
624846
624847
624848
624849
624850
624851
624852
624853
624854
624855
624856
624857
624858
624859
624860
624861
624862
624863
624864
624865
624866
624867
624868
624869
624870
624871
624872
624873
624874
624875
624876
624877
624878
624879
624880
624881
624882
624883
624884
624885
624886
624887
624888
624889
624890
624891
624892
624893
624894
624895
624896
624897
624898
624899
624900
624901
624902
624903
624904
624905
624906
624907
624908
624909
624910
624911
624912
624913
624914
624915
624916
624917
624918
624919
624920
624921
624922
624923
624924
624925
624926
624927
624928
624929
624930
624931
624932
624933
624934
624935
624936
624937
624938
624939
624940
624941
624942
624943
624944
624945
624946
624947
624948
624949
624950
624951
624952
624953
624954
624955
624956
624957
624958
624959
641088
641089
641090
641091
641092
641093
641094
641095
641096
641097
641098
641099
641100
641101
641102
641103
641104
641105
641106
641107
641108
641109
641110
641111
641112
641113
641114
641115
641116
641117
641118
641119
641120
641121
641122
641123
641124
641125
641126
641127
641128
641129
641130
641131
641132
641133
641134
641135
641136
641137
641138
641139
641140
641141
641142
641143
641144
641145
641146
641147
641148
641149
641150
641151
641152
641153
641154
641155
641156
641157
641158
641159
641160
641161
641162
641163
641164
641165
641166
641167
641168
641169
641170
641171
641172
641173
641174
641175
641176
641177
641178
641179
641180
641181
641182
641183
641184
641185
641186
641187
641188
641189
641190
641191
641192
641193
641194
641195
641196
641197
641198
641199
641200
641201
641202
641203
641204
641205
641206
641207
641208
641209
641210
641211
641212
641213
641214
641215
641216
641217
641218
641219
641220
641221
641222
641223
641224
641225
641226
641227
641228
641229
641230
641231
641232
641233
641234
641235
641236
641237
641238
641239
641240
641241
641242
641243
641244
641245
641246
641247
641248
641249
641250
641251
641252
641253
641254
641255
641256
641257
641258
641259
641260
641261
641262
641263
641264
641265
641266
641267
641268
641269
641270
641271
641272
641273
641274
641275
641276
641277
641278
641279
641280
641281
641282
641283
641284
641285
641286
641287
641288
641289
641290
641291
641292
641293
641294
641295
641296
641297
641298
641299
641300
641301
641302
641303
641304
641305
641306
641307
641308
641309
641310
641311
641312
641313
641314
641315
641316
641317
641318
641319
641320
641321
641322
641323
641324
641325
641326
641327
641328
641329
641330
641331
641332
641333
641334
641335
641336
641337
641338
641339
641340
641341
641342
641343
641344
641345
641346
641347
641348
641349
641350
641351
641352
641353
641354
641355
641356
641357
641358
641359
641360
641361
641362
641363
641364
641365
641366
641367
641368
641369
641370
641371
641372
641373
641374
641375
641376
641377
641378
641379
641380
641381
641382
641383
641384
641385
641386
641387
641388
641389
641390
641391
641392
641393
641394
641395
641396
641397
641398
641399
641400
641401
641402
641403
641404
641405
641406
641407
641408
641409
641410
641411
641412
641413
641414
641415
641416
641417
641418
641419
641420
641421
641422
641423
641424
641425
641426
641427
641428
641429
641430
641431
641432
641433
641434
641435
641436
641437
641438
641439
641440
641441
641442
641443
641444
641445
641446
641447
641448
641449
641450
641451
641452
641453
641454
641455
641456
641457
641458
641459
641460
641461
641462
641463
641464
641465
641466
641467
641468
641469
641470
641471
641472
641473
641474
641475
641476
641477
641478
641479
641480
641481
641482
641483
641484
641485
641486
641487
641488
641489
641490
641491
641492
641493
641494
641495
641496
641497
641498
641499
641500
641501
641502
641503
641504
641505
641506
641507
641508
641509
641510
641511
641512
641513
641514
641515
641516
641517
641518
641519
641520
641521
641522
641523
641524
641525
641526
641527
641528
641529
641530
641531
641532
641533
641534
641535
641536
641537
641538
641539
641540
641541
641542
641543
641544
641545
641546
641547
641548
641549
641550
641551
641552
641553
641554
641555
641556
641557
641558
641559
641560
641561
641562
641563
641564
641565
641566
641567
641568
641569
641570
641571
641572
641573
641574
641575
641576
641577
641578
641579
641580
641581
641582
641583
641584
641585
641586
641587
641588
641589
641590
641591
641592
641593
641594
641595
641596
641597
641598
641599
641600
641601
641602
641603
641604
641605
641606
641607
641608
641609
641610
641611
641612
641613
641614
641615
641616
641617
641618
641619
641620
641621
641622
641623
641624
641625
641626
641627
641628
641629
641630
641631
641632
641633
641634
641635
641636
641637
641638
641639
641640
641641
641642
641643
641644
641645
641646
641647
641648
641649
641650
641651
641652
641653
641654
641655
641656
641657
641658
641659
641660
641661
641662
641663
641664
641665
641666
641667
641668
641669
641670
641671
641672
641673
641674
641675
641676
641677
641678
641679
641680
641681
641682
641683
641684
641685
641686
641687
641688
641689
641690
641691
641692
641693
641694
641695
641696
641697
641698
641699
641700
641701
641702
641703
641704
641705
641706
641707
641708
641709
641710
641711
641712
641713
641714
641715
641716
641717
641718
641719
641720
641721
641722
641723
641724
641725
641726
641727
641728
641729
641730
641731
641732
641733
641734
641735
641736
641737
641738
641739
641740
641741
641742
641743
641744
641745
641746
641747
641748
641749
641750
641751
641752
641753
641754
641755
641756
641757
641758
641759
641760
641761
641762
641763
641764
641765
641766
641767
641768
641769
641770
641771
641772
641773
641774
641775
641776
641777
641778
641779
641780
641781
641782
641783
641784
641785
641786
641787
641788
641789
641790
641791
641792
641793
641794
641795
641796
641797
641798
641799
641800
641801
641802
641803
641804
641805
641806
641807
641808
641809
641810
641811
641812
641813
641814
641815
641816
641817
641818
641819
641820
641821
641822
641823
641824
641825
641826
641827
641828
641829
641830
641831
641832
641833
641834
641835
641836
641837
641838
641839
641840
641841
641842
641843
641844
641845
641846
641847
641848
641849
641850
641851
641852
641853
641854
641855
641856
641857
641858
641859
641860
641861
641862
641863
641864
641865
641866
641867
641868
641869
641870
641871
641872
641873
641874
641875
641876
641877
641878
641879
641880
641881
641882
641883
641884
641885
641886
641887
641888
641889
641890
641891
641892
641893
641894
641895
641896
641897
641898
641899
641900
641901
641902
641903
641904
641905
641906
641907
641908
641909
641910
641911
641912
641913
641914
641915
641916
641917
641918
641919
641920
641921
641922
641923
641924
641925
641926
641927
641928
641929
641930
641931
641932
641933
641934
641935
641936
641937
641938
641939
641940
641941
641942
641943
641944
641945
641946
641947
641948
641949
641950
641951
641952
641953
641954
641955
641956
641957
641958
641959
641960
641961
641962
641963
641964
641965
641966
641967
641968
641969
641970
641971
641972
641973
641974
641975
641976
641977
641978
641979
641980
641981
641982
641983
641984
641985
641986
641987
641988
641989
641990
641991
641992
641993
641994
641995
641996
641997
641998
641999
642000
642001
642002
642003
642004
642005
642006
642007
642008
642009
642010
642011
642012
642013
642014
642015
642016
642017
642018
642019
642020
642021
642022
642023
642024
642025
642026
642027
642028
642029
642030
642031
642032
642033
642034
642035
642036
642037
642038
642039
642040
642041
642042
642043
642044
642045
642046
642047
642048
642049
642050
642051
642052
642053
642054
642055
642056
642057
642058
642059
642060
642061
642062
642063
642064
642065
642066
642067
642068
642069
642070
642071
642072
642073
642074
642075
642076
642077
642078
642079
642080
642081
642082
642083
642084
642085
642086
642087
642088
642089
642090
642091
642092
642093
642094
642095
642096
642097
642098
642099
642100
642101
642102
642103
642104
642105
642106
642107
642108
642109
642110
642111
642112
642113
642114
642115
642116
642117
642118
642119
642120
642121
642122
642123
642124
642125
642126
642127
642128
642129
642130
642131
642132
642133
642134
642135
642136
642137
642138
642139
642140
642141
642142
642143
642144
642145
642146
642147
642148
642149
642150
642151
642152
642153
642154
642155
642156
642157
642158
642159
642160
642161
642162
642163
642164
642165
642166
642167
642168
642169
642170
642171
642172
642173
642174
642175
642176
642177
642178
642179
642180
642181
642182
642183
642184
642185
642186
642187
642188
642189
642190
642191
642192
642193
642194
642195
642196
642197
642198
642199
642200
642201
642202
642203
642204
642205
642206
642207
642208
642209
642210
642211
642212
642213
642214
642215
642216
642217
642218
642219
642220
642221
642222
642223
642224
642225
642226
642227
642228
642229
642230
642231
642232
642233
642234
642235
642236
642237
642238
642239
642240
642241
642242
642243
642244
642245
642246
642247
642248
642249
642250
642251
642252
642253
642254
642255
642256
642257
642258
642259
642260
642261
642262
642263
642264
642265
642266
642267
642268
642269
642270
642271
642272
642273
642274
642275
642276
642277
642278
642279
642280
642281
642282
642283
642284
642285
642286
642287
642288
642289
642290
642291
642292
642293
642294
642295
642296
642297
642298
642299
642300
642301
642302
642303
642304
642305
642306
642307
642308
642309
642310
642311
642312
642313
642314
642315
642316
642317
642318
642319
642320
642321
642322
642323
642324
642325
642326
642327
642328
642329
642330
642331
642332
642333
642334
642335
642336
642337
642338
642339
642340
642341
642342
642343
642344
642345
642346
642347
642348
642349
642350
642351
642352
642353
642354
642355
642356
642357
642358
642359
642360
642361
642362
642363
642364
642365
642366
642367
642368
642369
642370
642371
642372
642373
642374
642375
642376
642377
642378
642379
642380
642381
642382
642383
642384
642385
642386
642387
642388
642389
642390
642391
642392
642393
642394
642395
642396
642397
642398
642399
642400
642401
642402
642403
642404
642405
642406
642407
642408
642409
642410
642411
642412
642413
642414
642415
642416
642417
642418
642419
642420
642421
642422
642423
642424
642425
642426
642427
642428
642429
642430
642431
642432
642433
642434
642435
642436
642437
642438
642439
642440
642441
642442
642443
642444
642445
642446
642447
642448
642449
642450
642451
642452
642453
642454
642455
642456
642457
642458
642459
642460
642461
642462
642463
642464
642465
642466
642467
642468
642469
642470
642471
642472
642473
642474
642475
642476
642477
642478
642479
642480
642481
642482
642483
642484
642485
642486
642487
642488
642489
642490
642491
642492
642493
642494
642495
642496
642497
642498
642499
642500
642501
642502
642503
642504
642505
642506
642507
642508
642509
642510
642511
642512
642513
642514
642515
642516
642517
642518
642519
642520
642521
642522
642523
642524
642525
642526
642527
642528
642529
642530
642531
642532
642533
642534
642535
642536
642537
642538
642539
642540
642541
642542
642543
642544
642545
642546
642547
642548
642549
642550
642551
642552
642553
642554
642555
642556
642557
642558
642559
642560
642561
642562
642563
642564
642565
642566
642567
642568
642569
642570
642571
642572
642573
642574
642575
642576
642577
642578
642579
642580
642581
642582
642583
642584
642585
642586
642587
642588
642589
642590
642591
642592
642593
642594
642595
642596
642597
642598
642599
642600
642601
642602
642603
642604
642605
642606
642607
642608
642609
642610
642611
642612
642613
642614
642615
642616
642617
642618
642619
642620
642621
642622
642623
642624
642625
642626
642627
642628
642629
642630
642631
642632
642633
642634
642635
642636
642637
642638
642639
642640
642641
642642
642643
642644
642645
642646
642647
642648
642649
642650
642651
642652
642653
642654
642655
642656
642657
642658
642659
642660
642661
642662
642663
642664
642665
642666
642667
642668
642669
642670
642671
642672
642673
642674
642675
642676
642677
642678
642679
642680
642681
642682
642683
642684
642685
642686
642687
642688
642689
642690
642691
642692
642693
642694
642695
642696
642697
642698
642699
642700
642701
642702
642703
642704
642705
642706
642707
642708
642709
642710
642711
642712
642713
642714
642715
642716
642717
642718
642719
642720
642721
642722
642723
642724
642725
642726
642727
642728
642729
642730
642731
642732
642733
642734
642735
642736
642737
642738
642739
642740
642741
642742
642743
642744
642745
642746
642747
642748
642749
642750
642751
642752
642753
642754
642755
642756
642757
642758
642759
642760
642761
642762
642763
642764
642765
642766
642767
642768
642769
642770
642771
642772
642773
642774
642775
642776
642777
642778
642779
642780
642781
642782
642783
642784
642785
642786
642787
642788
642789
642790
642791
642792
642793
642794
642795
642796
642797
642798
642799
642800
642801
642802
642803
642804
642805
642806
642807
642808
642809
642810
642811
642812
642813
642814
642815
642816
642817
642818
642819
642820
642821
642822
642823
642824
642825
642826
642827
642828
642829
642830
642831
642832
642833
642834
642835
642836
642837
642838
642839
642840
642841
642842
642843
642844
642845
642846
642847
642848
642849
642850
642851
642852
642853
642854
642855
642856
642857
642858
642859
642860
642861
642862
642863
642864
642865
642866
642867
642868
642869
642870
642871
642872
642873
642874
642875
642876
642877
642878
642879
642880
642881
642882
642883
642884
642885
642886
642887
642888
642889
642890
642891
642892
642893
642894
642895
642896
642897
642898
642899
642900
642901
642902
642903
642904
642905
642906
642907
642908
642909
642910
642911
642912
642913
642914
642915
642916
642917
642918
642919
642920
642921
642922
642923
642924
642925
642926
642927
642928
642929
642930
642931
642932
642933
642934
642935
642936
642937
642938
642939
642940
642941
642942
642943
642944
642945
642946
642947
642948
642949
642950
642951
642952
642953
642954
642955
642956
642957
642958
642959
642960
642961
642962
642963
642964
642965
642966
642967
642968
642969
642970
642971
642972
642973
642974
642975
642976
642977
642978
642979
642980
642981
642982
642983
642984
642985
642986
642987
642988
642989
642990
642991
642992
642993
642994
642995
642996
642997
642998
642999
643000
643001
643002
643003
643004
643005
643006
643007
643008
643009
643010
643011
643012
643013
643014
643015
643016
643017
643018
643019
643020
643021
643022
643023
643024
643025
643026
643027
643028
643029
643030
643031
643032
643033
643034
643035
643036
643037
643038
643039
643040
643041
643042
643043
643044
643045
643046
643047
643048
643049
643050
643051
643052
643053
643054
643055
643056
643057
643058
643059
643060
643061
643062
643063
643064
643065
643066
643067
643068
643069
643070
643071
643072
643073
643074
643075
643076
643077
643078
643079
643080
643081
643082
643083
643084
643085
643086
643087
643088
643089
643090
643091
643092
643093
643094
643095
643096
643097
643098
643099
643100
643101
643102
643103
721728
721729
721730
721731
721732
721733
721734
721735
721736
721737
721738
721739
721740
721741
721742
721743
721744
721745
721746
721747
721748
721749
721750
721751
721752
721753
721754
721755
721756
721757
721758
721759
721760
721761
721762
721763
721764
721765
721766
721767
721768
721769
721770
721771
721772
721773
721774
721775
721776
721777
721778
721779
721780
721781
721782
721783
721784
721785
721786
721787
721788
721789
721790
721791
721792
721793
721794
721795
721796
721797
721798
721799
721800
721801
721802
721803
721804
721805
721806
721807
721808
721809
721810
721811
721812
721813
721814
721815
721816
721817
721818
721819
721820
721821
721822
721823
721824
721825
721826
721827
721828
721829
721830
721831
721832
721833
721834
721835
721836
721837
721838
721839
721840
721841
721842
721843
721844
721845
721846
721847
721848
721849
721850
721851
721852
721853
721854
721855
721856
721857
721858
721859
721860
721861
721862
721863
721864
721865
721866
721867
721868
721869
721870
721871
721872
721873
721874
721875
721876
721877
721878
721879
721880
721881
721882
721883
721884
721885
721886
721887
721888
721889
721890
721891
721892
721893
721894
721895
721896
721897
721898
721899
721900
721901
721902
721903
721904
721905
721906
721907
721908
721909
721910
721911
721912
721913
721914
721915
721916
721917
721918
721919
721920
721921
721922
721923
721924
721925
721926
721927
721928
721929
721930
721931
721932
721933
721934
721935
721936
721937
721938
721939
721940
721941
721942
721943
721944
721945
721946
721947
721948
721949
721950
721951
721952
721953
721954
721955
721956
721957
721958
721959
721960
721961
721962
721963
721964
721965
721966
721967
721968
721969
721970
721971
721972
721973
721974
721975
721976
721977
721978
721979
721980
721981
721982
721983
721984
721985
721986
721987
721988
721989
721990
721991
721992
721993
721994
721995
721996
721997
721998
721999
722000
722001
722002
722003
722004
722005
722006
722007
722008
722009
722010
722011
722012
722013
722014
722015
722016
722017
722018
722019
722020
722021
722022
722023
722024
722025
722026
722027
722028
722029
722030
722031
722032
722033
722034
722035
722036
722037
722038
722039
722040
722041
722042
722043
722044
722045
722046
722047
722048
722049
722050
722051
722052
722053
722054
722055
722056
722057
722058
722059
722060
722061
722062
722063
722064
722065
722066
722067
722068
722069
722070
722071
722072
722073
722074
722075
722076
722077
722078
722079
722080
722081
722082
722083
722084
722085
722086
722087
722088
722089
722090
722091
722092
722093
722094
722095
722096
722097
722098
722099
722100
722101
722102
722103
722104
722105
722106
722107
722108
722109
722110
722111
722112
722113
722114
722115
722116
722117
722118
722119
722120
722121
722122
722123
722124
722125
722126
722127
722128
722129
722130
722131
722132
722133
722134
722135
722136
722137
722138
722139
722140
722141
722142
722143
722144
722145
722146
722147
722148
722149
722150
722151
722152
722153
722154
722155
722156
722157
722158
722159
722160
722161
722162
722163
722164
722165
722166
722167
722168
722169
722170
722171
722172
722173
722174
722175
722176
722177
722178
722179
722180
722181
722182
722183
722184
722185
722186
722187
722188
722189
722190
722191
722192
722193
722194
722195
722196
722197
722198
722199
722200
722201
722202
722203
722204
722205
722206
722207
722208
722209
722210
722211
722212
722213
722214
722215
722216
722217
722218
722219
722220
722221
722222
722223
722224
722225
722226
722227
722228
722229
722230
722231
722232
722233
722234
722235
722236
722237
722238
722239
722240
722241
722242
722243
722244
722245
722246
722247
722248
722249
722250
722251
722252
722253
722254
722255
722256
722257
722258
722259
722260
722261
722262
722263
722264
722265
722266
722267
722268
722269
722270
722271
722272
722273
722274
722275
722276
722277
722278
722279
722280
722281
722282
722283
722284
722285
722286
722287
722288
722289
722290
722291
722292
722293
722294
722295
722296
722297
722298
722299
722300
722301
722302
722303
722304
722305
722306
722307
722308
722309
722310
722311
722312
722313
722314
722315
722316
722317
722318
722319
722320
722321
722322
722323
722324
722325
722326
722327
722328
722329
722330
722331
722332
722333
722334
722335
722336
722337
722338
722339
722340
722341
722342
722343
722344
722345
722346
722347
722348
722349
722350
722351
722352
722353
722354
722355
722356
722357
722358
722359
722360
722361
722362
722363
722364
722365
722366
722367
722368
722369
722370
722371
722372
722373
722374
722375
722376
722377
722378
722379
722380
722381
722382
722383
722384
722385
722386
722387
722388
722389
722390
722391
722392
722393
722394
722395
722396
722397
722398
722399
722400
722401
722402
722403
722404
722405
722406
722407
722408
722409
722410
722411
722412
722413
722414
722415
722416
722417
722418
722419
722420
722421
722422
722423
722424
722425
722426
722427
722428
722429
722430
722431
722432
722433
722434
722435
722436
722437
722438
722439
722440
722441
722442
722443
722444
722445
722446
722447
722448
722449
722450
722451
722452
722453
722454
722455
722456
722457
722458
722459
722460
722461
722462
722463
722464
722465
722466
722467
722468
722469
722470
722471
722472
722473
722474
722475
722476
722477
722478
722479
722480
722481
722482
722483
722484
722485
722486
722487
722488
722489
722490
722491
722492
722493
722494
722495
722496
722497
722498
722499
722500
722501
722502
722503
722504
722505
722506
722507
722508
722509
722510
722511
722512
722513
722514
722515
722516
722517
722518
722519
722520
722521
722522
722523
722524
722525
722526
722527
722528
722529
722530
722531
722532
722533
722534
722535
722536
722537
722538
722539
722540
722541
722542
722543
722544
722545
722546
722547
722548
722549
722550
722551
722552
722553
722554
722555
722556
722557
722558
722559
722560
722561
722562
722563
722564
722565
722566
722567
722568
722569
722570
722571
722572
722573
722574
722575
722576
722577
722578
722579
722580
722581
722582
722583
722584
722585
722586
722587
722588
722589
722590
722591
722592
722593
722594
722595
722596
722597
722598
722599
722600
722601
722602
722603
722604
722605
722606
722607
722608
722609
722610
722611
722612
722613
722614
722615
722616
722617
722618
722619
722620
722621
722622
722623
722624
722625
722626
722627
722628
722629
722630
722631
722632
722633
722634
722635
722636
722637
722638
722639
722640
722641
722642
722643
722644
722645
722646
722647
722648
722649
722650
722651
722652
722653
722654
722655
722656
722657
722658
722659
722660
722661
722662
722663
722664
722665
722666
722667
722668
722669
722670
722671
722672
722673
722674
722675
722676
722677
722678
722679
722680
722681
722682
722683
722684
722685
722686
722687
722688
722689
722690
722691
722692
722693
722694
722695
722696
722697
722698
722699
722700
722701
722702
722703
722704
722705
722706
722707
722708
722709
722710
722711
722712
722713
722714
722715
722716
722717
722718
722719
722720
722721
722722
722723
722724
722725
722726
722727
722728
722729
722730
722731
722732
722733
722734
722735
722736
722737
722738
722739
722740
722741
722742
722743
722744
722745
722746
722747
722748
722749
722750
722751
722752
722753
722754
722755
722756
722757
722758
722759
722760
722761
722762
722763
722764
722765
722766
722767
722768
722769
722770
722771
722772
722773
722774
722775
722776
722777
722778
722779
722780
722781
722782
722783
722784
722785
722786
722787
722788
722789
722790
722791
722792
722793
722794
722795
722796
722797
722798
722799
722800
722801
722802
722803
722804
722805
722806
722807
722808
722809
722810
722811
722812
722813
722814
722815
722816
722817
722818
722819
722820
722821
722822
722823
722824
722825
722826
722827
722828
722829
722830
722831
722832
722833
722834
722835
722836
722837
722838
722839
722840
722841
722842
722843
722844
722845
722846
722847
722848
722849
722850
722851
722852
722853
722854
722855
722856
722857
722858
722859
722860
722861
722862
722863
722864
722865
722866
722867
722868
722869
722870
722871
722872
722873
722874
722875
722876
722877
722878
722879
722880
722881
722882
722883
722884
722885
722886
722887
722888
722889
722890
722891
722892
722893
722894
722895
722896
722897
722898
722899
722900
722901
722902
722903
722904
722905
722906
722907
722908
722909
722910
722911
722912
722913
722914
722915
722916
722917
722918
722919
722920
722921
722922
722923
722924
722925
722926
722927
722928
722929
722930
722931
722932
722933
722934
722935
722936
722937
722938
722939
722940
722941
722942
722943
722944
722945
722946
722947
722948
722949
722950
722951
722952
722953
722954
722955
722956
722957
722958
722959
722960
722961
722962
722963
722964
722965
722966
722967
722968
722969
722970
722971
722972
722973
722974
722975
722976
722977
722978
722979
722980
722981
722982
722983
722984
722985
722986
722987
722988
722989
722990
722991
722992
722993
722994
722995
722996
722997
722998
722999
723000
723001
723002
723003
723004
723005
723006
723007
723008
723009
723010
723011
723012
723013
723014
723015
723016
723017
723018
723019
723020
723021
723022
723023
723024
723025
723026
723027
723028
723029
723030
723031
723032
723033
723034
723035
723036
723037
723038
723039
723040
723041
723042
723043
723044
723045
723046
723047
723048
723049
723050
723051
723052
723053
723054
723055
723056
723057
723058
723059
723060
723061
723062
723063
723064
723065
723066
723067
723068
723069
723070
723071
723072
723073
723074
723075
723076
723077
723078
723079
723080
723081
723082
723083
723084
723085
723086
723087
723088
723089
723090
723091
723092
723093
723094
723095
723096
723097
723098
723099
723100
723101
723102
723103
723104
723105
723106
723107
723108
723109
723110
723111
723112
723113
723114
723115
723116
723117
723118
723119
723120
723121
723122
723123
723124
723125
723126
723127
723128
723129
723130
723131
723132
723133
723134
723135
723136
723137
723138
723139
723140
723141
723142
723143
723144
723145
723146
723147
723148
723149
723150
723151
723152
723153
723154
723155
723156
723157
723158
723159
723160
723161
723162
723163
723164
723165
723166
723167
723168
723169
723170
723171
723172
723173
723174
723175
723176
723177
723178
723179
723180
723181
723182
723183
723184
723185
723186
723187
723188
723189
723190
723191
723192
723193
723194
723195
723196
723197
723198
723199
723200
723201
723202
723203
723204
723205
723206
723207
723208
723209
723210
723211
723212
723213
723214
723215
723216
723217
723218
723219
723220
723221
723222
723223
723224
723225
723226
723227
723228
723229
723230
723231
723232
723233
723234
723235
723236
723237
723238
723239
723240
723241
723242
723243
723244
723245
723246
723247
723248
723249
723250
723251
723252
723253
723254
723255
723256
723257
723258
723259
723260
723261
723262
723263
723264
723265
723266
723267
723268
723269
723270
723271
723272
723273
723274
723275
723276
723277
723278
723279
723280
723281
723282
723283
723284
723285
723286
723287
723288
723289
723290
723291
723292
723293
723294
723295
723296
723297
723298
723299
723300
723301
723302
723303
723304
723305
723306
723307
723308
723309
723310
723311
723312
723313
723314
723315
723316
723317
723318
723319
723320
723321
723322
723323
723324
723325
723326
723327
723328
723329
723330
723331
723332
723333
723334
723335
723336
723337
723338
723339
723340
723341
723342
723343
723344
723345
723346
723347
723348
723349
723350
723351
723352
723353
723354
723355
723356
723357
723358
723359
723360
723361
723362
723363
723364
723365
723366
723367
723368
723369
723370
723371
723372
723373
723374
723375
723376
723377
723378
723379
723380
723381
723382
723383
723384
723385
723386
723387
723388
723389
723390
723391
723392
723393
723394
723395
723396
723397
723398
723399
723400
723401
723402
723403
723404
723405
723406
723407
723408
723409
723410
723411
723412
723413
723414
723415
723416
723417
723418
723419
723420
723421
723422
723423
723424
723425
723426
723427
723428
723429
723430
723431
723432
723433
723434
723435
723436
723437
723438
723439
723440
723441
723442
723443
723444
723445
723446
723447
723448
723449
723450
723451
723452
723453
723454
723455
723456
723457
723458
723459
723460
723461
723462
723463
723464
723465
723466
723467
723468
723469
723470
723471
723472
723473
723474
723475
723476
723477
723478
723479
723480
723481
723482
723483
723484
723485
723486
723487
723488
723489
723490
723491
723492
723493
723494
723495
723496
723497
723498
723499
723500
723501
723502
723503
723504
723505
723506
723507
723508
723509
723510
723511
723512
723513
723514
723515
723516
723517
723518
723519
723520
723521
723522
723523
723524
723525
723526
723527
723528
723529
723530
723531
723532
723533
723534
723535
723536
723537
723538
723539
723540
723541
723542
723543
723544
723545
723546
723547
723548
723549
723550
723551
723552
723553
723554
723555
723556
723557
723558
723559
723560
723561
723562
723563
723564
723565
723566
723567
723568
723569
723570
723571
723572
723573
723574
723575
723576
723577
723578
723579
723580
723581
723582
723583
723584
723585
723586
723587
723588
723589
723590
723591
723592
723593
723594
723595
723596
723597
723598
723599
723600
723601
723602
723603
723604
723605
723606
723607
723608
723609
723610
723611
723612
723613
723614
723615
723616
723617
723618
723619
723620
723621
723622
723623
723624
723625
723626
723627
723628
723629
723630
723631
723632
723633
723634
723635
723636
723637
723638
723639
723640
723641
723642
723643
723644
723645
723646
723647
723648
723649
723650
723651
723652
723653
723654
723655
723656
723657
723658
723659
723660
723661
723662
723663
723664
723665
723666
723667
723668
723669
723670
723671
723672
723673
723674
723675
723676
723677
723678
723679
723680
723681
723682
723683
723684
723685
723686
723687
723688
723689
723690
723691
723692
723693
723694
723695
723696
723697
723698
723699
723700
723701
723702
723703
723704
723705
723706
723707
723708
723709
723710
723711
723712
723713
723714
723715
723716
723717
723718
723719
723720
723721
723722
723723
723724
723725
723726
723727
723728
723729
723730
723731
723732
723733
723734
723735
723736
723737
723738
723739
723740
723741
723742
723743